0,243
27,4
32,2
0,386
266,36
266,35
27,1
27,3
14,8
0,273
0,270
0,489
3,2
3,1
3,3
10,267
10,185
10,243
10,177
10,247
10,5
10,259
10,125
11,28
11,8
11,20
11,11
11,12
11,29
11,19
11,10
9,5
9,2
9,3
8,11
8,8
8,4
8,2
8,3
12,2
12,1
12,3
20,2
20,1
20,3
18,1
18,3
71,4
71,3
71,2
71,1
71,0
69,5
69,4
69,3
69,2
69,1
69,0
67,8
67,7
67,6
67,5
67,4
67,3
67,2
67,1
67,0
66,6
66,5
66,4
66,3
66,2
66,1
66,0
64,9
64,8
64,7
64,6
64,5
64,4
64,3
64,2
64,1
63,5
63,1
49,4
49,3
49,1
48,4
48,3
48,1
46,5
46,4
46,3
46,1
38,8
38,7
38,6
38,5
38,4
38,3
38,2
38,1
38,0
37,4
37,1
34,5
34,4
34,3
34,2
34,1
33,5
33,4
33,3
33,1
32,7
32,6
32,5
32,4
32,3
32,1
